d2b <- c(27.37, 24.28, 25.61, 26.37)
N1b <- 6
n1b <- c(5, 4, 3, 6, 3, 3)
n3 <- c(9, 3, 25, 3)
N3 <- 4
N1a <- 5
d1a <- c(26.47, 25.36, 26.68, 28.02, 29.86)
N4 <- 4
n2b <- c(11, 35, 10, 30)
sig3 <- c(0.15, 0.18, 0.26, 0.12)
N2a <- 2
N2b <- 4
sig1b <- c(0.25, 0.35, 0.18, 0.41, 0.23, 0.26)
d1b <- c(24.42, 26.26, 26.85, 28.77, 29.01, 26.95)
d3 <- c(26.64, 26.25, 27.97, 27.88)
sig2b <- c(0.41, 0.51, 0.45, 0.62)
d2a <- c(32.12, 29.08)
sig4 <- c(0.36, 0.37, 0.54, 0.26)
d4 <- c(0.62, 0.48, 1.07, 0.72)
n4 <- c(9, 3, 25, 3)
